| 20 20 20 20 20 20 20 20 20 20|
| 20 20.8879 21.9953 23.6344 26.3388 31.0287 38.8642 48.2458 34.1223 20|
| 20 21.5561 23.4617 26.2072 30.6943 38.912 56.1846 100 48.2458 20|
| 20 21.8787 24.0894 27.0422 31.3221 37.7437 46.9636 56.1846 38.8642 20|
| 20 21.8722 23.9773 26.5529 29.8116 33.7771 37.7437 38.912 31.0287 20|
| 20 21.6337 23.3962 25.3832 27.5974 29.8116 31.3221 30.6943 26.3388 20|
| 20 21.2703 22.5945 23.9888 25.3832 26.5529 27.0422 26.2072 23.6344 20|
| 20 20.8545 21.7238 22.5945 23.3962 23.9773 24.0894 23.4617 21.9953 20|
| 20 20.4272 20.8545 21.2703 21.6337 21.8722 21.8787 21.5561 20.8879 20|
| 20 20 20 20 20 20 20 20 20 20|
