273.15 0.00611 1.000159e-3 206.3 2502. 4.217 1.854 1750. 8.02 569. 18.2 0.0755
275.00 0.00697 1.000064e-3 181.7 2497. 4.211 1.855 1652. 8.09 574. 18.3 0.0753
280.00 0.00990 1.000091e-3 130.4 2485. 4.198 1.858 1422. 8.29 582. 18.6 0.0748
285.00 0.01387 1.000486e-3 99.40 2473. 4.189 1.861 1225. 8.49 590. 18.9 0.0743
290.00 0.01917 1.001201e-3 69.70 2461. 4.184 1.864 1080. 8.69 598. 19.3 0.0737
295.00 0.02617 1.002201e-3 51.94 2449. 4.181 1.868 959. 8.89 606. 19.5 0.0727
300.00 0.03531 1.003458e-3 39.13 2438. 4.179 1.872 855. 9.09 613. 19.6 0.0717
305.00 0.04712 1.005000e-3 27.90 2426. 4.178 1.877 769. 9.29 620. 20.1 0.0709
310.00 0.06221 1.007000e-3 22.93 2414. 4.178 1.882 695. 9.49 628. 20.4 0.0700
315.00 0.08132 1.009000e-3 17.82 2402. 4.179 1.888 631. 9.69 634. 20.7 0.0692
320.00 0.10530 1.011000e-3 13.98 2390. 4.180 1.895 577. 9.89 640. 21.0 0.0683
325.00 0.13510 1.013000e-3 11.06 2378. 4.182 1.903 528. 10.09 645. 21.3 0.0675
330.00 0.17190 1.016000e-3 8.820 2366. 4.184 1.911 489. 10.29 650. 21.7 0.0666
335.00 0.21670 1.018000e-3 7.090 2354. 4.186 1.920 453. 10.49 656. 22.0 0.0658
340.00 0.27130 1.021000e-3 5.740 2342. 4.188 1.930 420. 10.69 660. 22.3 0.0649
345.00 0.33720 1.024000e-3 4.683 2329. 4.191 1.941 389. 10.89 668. 22.6 0.0641
350.00 0.41630 1.027000e-3 3.864 2317. 4.195 1.954 365. 11.09 668. 23.0 0.0632
355.00 0.51000 1.030000e-3 3.180 2304. 4.199 1.968 343. 11.29 671. 23.3 0.0623
360.00 0.62090 1.034000e-3 2.645 2291. 4.203 1.983 324. 11.49 674. 23.7 0.0614
365.00 0.75140 1.038000e-3 2.212 2278. 4.209 1.999 306. 11.69 677. 24.1 0.0605
370.00 0.90400 1.041000e-3 1.861 2265. 4.214 2.017 289. 11.89 679. 24.5 0.0595
373.15 1.01330 1.044000e-3 1.679 2257. 4.217 2.029 279. 12.02 680. 24.8 0.0589
375.00 1.08150 1.045000e-3 1.574 2252. 4.220 2.036 274. 12.09 681. 24.9 0.0586
380.00 1.28690 1.049000e-3 1.337 2239. 4.226 2.057 260. 12.29 683. 25.4 0.0576
385.00 1.52330 1.053000e-3 1.142 2225. 4.232 2.080 248. 12.49 685. 25.8 0.0566
390.00 1.79400 1.058000e-3 0.980 2212. 4.239 2.104 237. 12.69 686. 26.3 0.0556
400.00 2.45500 1.067000e-3 0.731 2183. 4.256 2.158 217. 13.05 688. 27.2 0.0536
410.00 3.30200 1.077000e-3 0.553 2153. 4.278 2.221 200. 13.42 688. 28.2 0.0515
420.00 4.37000 1.088000e-3 0.425 2123. 4.302 2.291 185. 13.79 688. 29.8 0.0494
430.00 5.69900 1.099000e-3 0.331 2091. 4.331 2.369 173. 14.14 685. 30.4 0.0472
440.00 7.33300 1.110000e-3 0.261 2059. 4.360 2.46 162. 14.50 682. 31.7 0.0451
450.00 9.31900 1.123000e-3 0.208 2024. 4.400 2.56 152. 14.85 678. 33.1 0.0429
460.00 11.7100 1.137000e-3 0.167 1989. 4.440 2.68 143. 15.19 673. 34.6 0.0407
470.00 14.5500 1.152000e-3 0.136 1951. 4.480 2.79 136. 15.54 667. 36.3 0.0385
480.00 17.9000 1.167000e-3 0.111 1912. 4.530 2.94 129. 15.88 660. 38.1 0.0362
490.00 21.8300 1.184000e-3 .0922 1870. 4.59 3.10 124. 16.23 651. 40.1 0.0339
500.00 26.4000 1.203000e-3 .0766 1825. 4.66 3.27 118. 16.59 642. 42.3 0.0316
510.00 31.6600 1.222000e-3 .0631 1779. 4.74 3.47 113. 16.95 631. 44.7 0.0293
520.00 37.7000 1.244000e-3 .0525 1730. 4.84 3.70 108. 17.33 621. 47.5 0.0269
530.00 44.5800 1.268000e-3 .0445 1679. 4.95 3.96 104. 17.72 608. 50.6 0.0245
540.00 52.3800 1.294000e-3 .0375 1622. 5.08 4.27 101. 18.1 594. 54.0 0.0221
550.00 61.1900 1.323000e-3 .0317 1564. 5.24 4.64 97. 18.6 580. 58.3 0.0197
560.00 71.0800 1.355000e-3 .0269 1499. 5.43 5.09 94. 19.1 563. 63.7 0.0173
570.00 81.1600 1.392000e-3 .0228 1429. 5.68 5.67 91. 19.7 548. 76.7 0.0150
580.00 94.5100 1.433000e-3 .0193 1353. 6.00 6.40 88. 20.4 528. 76.7 0.0128
590.00 108.300 1.482000e-3 .0163 1274. 6.41 7.35 84. 21.5 513. 84.1 0.0105
600.00 123.500 1.541000e-3 .0137 1176. 7.00 8.75 81. 22.7 497. 92.9 0.0084
610.00 137.300 1.612000e-3 .0115 1068. 7.85 11.1 77. 24.1 467. 103. 0.0063
620.00 159.100 1.705000e-3 .0094 941. 9.35 15.4 72. 25.9 444. 114. 0.0045
625.00 169.100 1.778000e-3 .0085 858. 10.6 18.3 70. 27.0 430. 121. 0.0035
630.00 179.700 1.856000e-3 .0075 781. 12.6 22.1 67. 28.0 412. 130. 0.0026
635.00 190.900 1.935000e-3 .0066 683. 16.4 27.6 64. 30.0 392. 141. 0.0015
640.00 202.700 2.075000e-3 .0057 560. 26. 42. 59. 32.0 367. 155. 0.0008
645.00 215.200 2.351000e-3 .0045 361. 90. 1.e3 54. 37.0 331. 178. 0.0001
647.30 221.200 3.170000e-3 .0032 000. 1.e6 1.e6 45. 45.0 238. 238. 0.0000