100 3.5562 1.032 71.1e-7 2.00e-6
150 2.3364 1.012 103.4e-7 4.426e-6
200 1.7458 1.007 132.5e-7 7.590e-6
250 1.3947 1.006 159.6e-7 11.44e-6
300 1.1614 1.007 184.6e-7 15.89e-6
350 0.9950 1.009 208.2e-7 20.92e-6
400 0.8711 1.014 230.1e-7 26.41e-6
450 0.7740 1.021 250.7e-7 32.39e-6
500 0.6964 1.030 270.1e-7 38.79e-6
550 0.6329 1.040 288.4e-7 45.57e-6
600 0.5804 1.051 305.8e-7 52.69e-6
650 0.5356 1.063 322.5e-7 60.21e-6
700 0.4975 1.075 338.8e-7 68.10e-6
750 0.4643 1.087 354.6e-7 76.37e-6
800 0.4354 1.099 369.8e-7 84.93e-6
850 0.4097 1.110 384.3e-7 93.80e-6
900 0.3868 1.121 398.1e-7 102.9e-6
950 0.3666 1.131 411.3e-7 112.2e-6
1000 0.3482 1.141 424.4e-7 121.9e-6
1100 0.3166 1.159 449.0e-7 141.8e-6
1200 0.2902 1.175 473.0e-7 162.9e-6
1300 0.2679 1.189 496.0e-7 185.1e-6
1400 0.2488 1.207 530.0e-7 213.0e-6
1500 0.2322 1.230 557.0e-7 240.0e-6
1600 0.2177 1.248 584.0e-7 268.0e-6
